A = [2,5,6;5,6,1;5,5,7];
A(6)